Validation
INFO:tensorflow:Confusion Matrix:
 [[258   0   0   0   0   0   0   0   0   0   0   0]
 [  3 179   4   6   5  10   3  12  15   0   6  15]
 [  3   1 246   4   1   1   3   0   0   0   0   2]
 [  0   7   1 239   6   3   0   0   0   0   2  12]
 [  4   5   0   0 234   0   0   1   1   6   7   2]
 [  0   5   2  19   0 229   0   0   1   0   2   6]
 [  1   5  11   3   2   0 219   5   0   1   0   0]
 [  0   5   0   2   1   0   6 241   1   0   0   0]
 [  4   3   0   0   3   1   0   2 240   3   0   1]
 [  1   2   0   0  18   0   2   3   2 226   1   1]
 [  2   2   0   1  13   1   3   0   0   1 222   1]
 [  7   5   0  18   0   9   1   4   3   3   0 210]]
INFO:tensorflow:Step 18000: Validation accuracy = 88.7% (N=3093)

Test
INFO:tensorflow:Confusion Matrix:
 [[257   0   0   0   0   0   0   0   0   0   0   0]
 [  0 189   5   1   6   9   9  16   5   0   3  14]
 [  0   5 236   3   2   1   7   0   1   0   1   0]
 [  1   2   1 219   2  10   3   1   0   0   2  11]
 [  0   0   0   0 259   1   3   0   0   2   7   0]
 [  2   8   0  15   2 213   0   0   0   1   2  10]
 [  0   3  14   0   5   0 242   2   0   0   1   0]
 [  1  12   0   0   3   0   1 238   1   1   0   2]
 [  0   6   1   0   0   2   1   1 231   3   0   1]
 [  1   3   0   0  16   1   1   1   8 229   2   0]
 [  0   1   0   0  10   2   1   0   0   2 232   1]
 [  0   9   0  28   7   4   3   2   0   0   0 198]]
INFO:tensorflow:Final test accuracy = 89.0% (N=3081)